μετράει μόνο τα public repos (έβγαλα τα fork)

EMPTY LOCATION IDS
459555
458887
465298
465345
466245
466734
466793
467615
467879
468460
468660
470045
470729
475145
475970
476798
479152
479822
480014
480717
481266
481944
483016
485519
488178
490327
491190
491223
491553
495138
496013
496165
496409
497422
497724
497796
498630
499205
499648
501004
501764
501770
503686
504693
504726
505596
506113
506367
506666
506803
507488
509049
510502
511793
512054
512688
512775
512935
514073
516383
516413
517089
518255
518593
518597
518653
518969
520032
520961
523783
524020
525104
525186
525203
525303
525819
525973
526598
526624
526638
526940
529221
530020
530146
533008
534241
535389
536111
537300
537410
537459
538428
538435
541141
541903
544203
545344
546826
547835
548157
548765
549687
549693
549873
552790
553268
554015
554941
556714
556928
557067
559078
559154
559476
560743
561781
562930
564097
564426
566204
566208
567439
570280
570355
570411
571461
571781
571873
573817
573828
574269
575060
575764
575930
576322
577808
578141
580056
580121
580163
580273
581082
581349
582130
582403
582488
582502
588303
589572
590868
591113
593850
593933

PROBLEMATIC IDS
521186 - 544596	[6001-6029]

PROBLEMATIC LOCATIONS
mxico, so paolo/paulo, zrich, montral, malm, florianpolis,dsseldorf

REPLACE FINAL ;
;+$
